0 0
0 1
0 2
1 2
1 1
1 0
2 0
3 0
4 0
5 0
6 0
7 0
8 0
9 0
10 0
11 0
12 0
12 1
12 2
12 3
13 3
13 4
13 5
12 5
11 5
11 4
10 4
10 5
10 6
11 6
11 7
11 8
12 8
12 7
13 7
13 6
14 6
14 5
15 5
16 5
17 5
18 5
19 5
19 4
18 4
17 4
17 3
16 3
16 2
15 2
14 2
13 2
13 1
14 1
14 0
15 0
16 0
17 0
18 0
19 0
20 0
20 1
20 2
19 2
19 3
20 3
21 3
22 3
22 2
21 2
21 1
21 0
22 0
23 0
24 0
25 0
26 0
27 0
28 0
29 0
30 0
30 1
30 2
31 2
31 3
31 4
31 5
30 5
30 6
31 6
31 7
31 8
31 9
31 10
31 11
31 12
30 12
29 12
29 13
29 14
30 14
30 13
31 13
31 14
31 15
31 16
31 17
31 18
30 18
29 18
29 17
28 17
28 18
28 19
29 19
30 19
31 19